351
161
100
90
90
90
90
90
100
90
90
90
90
90
100
90
90
90
100
100
91
221
220
150
261
210
210
331
310
271
511
481
461
841
802
731
1443
1382
1403
2605
2605
2605
5129
5020
4979
10070
9838
9849
19538
19517
19417
38655
38575
38514
76517
76517
76588
152383
182070
155109
325446
306089
325686
599162
604392
603721
1198494
1244543
1227079
2722584
2650776
3237785
5050910
5275162
5197723
10995198
12022583
9596730
19071805
19032579
19060312
38054950
37894161
37899100
75717835
75466702
75537789
150650841
150607287
150647382
300752396
301363232
301447122
599668265
600299121
608070036
1210259556
1205471410
1193038807
2377972684
2378501743
2382202848
3343766028
2936435984
3587589299
9440545857
9524862072
9571930967
17519265883
16542085414
